14
31
0 100 355 529 philoplancton.jpg 9764128 9764152
1 50 176 469 krill.jpg 531 9764152
2 70 771 448 zoo_herb.jpg 471 9764152
3 70 394 396 zoo_car.jpg 450 9764152
4 30 284 -1 oiseaux.jpg 398 9764152
5 50 120 9 phoques.jpg 1 9764152
6 50 323 332 poissons.jpg 11 9764152
7 30 740 7 calmars.jpg 334 9764152
8 40 592 376 leopards.jpg 9 9764152
9 0 437 534 elephants.jpg 378 9764152
10 20 493 330 cachalots.jpg 536 9764152
11 10 558 361 petits_cetaces.jpg 332 9764152
12 60 167 373 grands_cetaces.jpg 363 9764152
13 100 209 185 humain.jpg 375 9764152
0 0 1 1
1 0 2 1
2 1 3 1
3 1 4 1
4 1 5 1
5 1 6 1
6 1 12 1
7 2 1 1
8 2 3 1
9 2 4 1
10 2 6 1
11 2 7 1
12 3 4 1
13 3 7 1
14 4 8 1
15 4 11 1
16 5 11 1
17 6 4 1
18 6 7 1
19 6 8 0
20 7 4 1
21 7 6 1
22 7 8 1
23 7 9 1
24 7 10 1
25 7 11 1
26 8 11 1
27 9 11 1
28 9 13 1
29 10 13 1
30 12 13 1
